notebooks/tutorials/flexure/dem2.asc
ncols         623
nrows         323
xllcorner     492308.709
yllcorner     3362315.04
cellsize      200
nodata_value  -9999.0
[rows 33 to 65 of 323, columns 525 to 599 of 623]
4733 4736 4738 4742 4745 4747 4748 4754 4760 4769 4775 4787 4804 4847 -9999.0 -9999.0 -9999.0 -9999.0 -9999.0 -9999.0 -9999.0 -9999.0 -9999.0 -9999.0 -9999.0 -9999.0 -9999.0 -9999.0 -9999.0 -9999.0 -9999.0 -9999.0 -9999.0 -9999.0 -9999.0 -9999.0 -9999.0 -9999.0 -9999.0 -9999.0 -9999.0 -9999.0 -9999.0 -9999.0 -9999.0 -9999.0 -9999.0 -9999.0 -9999.0 -9999.0 -9999.0 -9999.0 -9999.0 -9999.0 -9999.0 -9999.0 -9999.0 -9999.0 -9999.0 -9999.0 -9999.0 -9999.0 -9999.0 -9999.0 -9999.0 -9999.0 -9999.0 -9999.0 -9999.0 -9999.0 -9999.0 -9999.0 -9999.0 -9999.0 -9999.0
4732 4734 4736 4740 4742 4744 4746 4750 4758 4770 4778 4790 4806 4837 4874 -9999.0 -9999.0 -9999.0 -9999.0 -9999.0 -9999.0 -9999.0 -9999.0 -9999.0 -9999.0 -9999.0 -9999.0 -9999.0 -9999.0 -9999.0 -9999.0 -9999.0 -9999.0 -9999.0 -9999.0 -9999.0 -9999.0 -9999.0 -9999.0 -9999.0 -9999.0 -9999.0 -9999.0 -9999.0 -9999.0 -9999.0 -9999.0 -9999.0 -9999.0 -9999.0 -9999.0 -9999.0 -9999.0 -9999.0 -9999.0 -9999.0 -9999.0 -9999.0 -9999.0 -9999.0 -9999.0 -9999.0 -9999.0 -9999.0 -9999.0 -9999.0 -9999.0 -9999.0 -9999.0 -9999.0 -9999.0 -9999.0 -9999.0 -9999.0 -9999.0
4730 4732 4734 4736 4738 4741 4745 4748 4754 4770 4778 4792 4808 4827 4860 -9999.0 -9999.0 -9999.0 -9999.0 -9999.0 -9999.0 -9999.0 -9999.0 -9999.0 -9999.0 -9999.0 -9999.0 -9999.0 -9999.0 -9999.0 -9999.0 -9999.0 -9999.0 -9999.0 -9999.0 -9999.0 -9999.0 -9999.0 -9999.0 -9999.0 -9999.0 -9999.0 -9999.0 -9999.0 -9999.0 -9999.0 -9999.0 -9999.0 -9999.0 -9999.0 -9999.0 -9999.0 -9999.0 -9999.0 -9999.0 -9999.0 -9999.0 -9999.0 -9999.0 -9999.0 -9999.0 -9999.0 -9999.0 -9999.0 -9999.0 -9999.0 -9999.0 -9999.0 -9999.0 -9999.0 -9999.0 -9999.0 -9999.0 -9999.0 -9999.0
4729 4729 4730 4733 4736 4737 4742 4746 4751 4774 4783 4803 4828 4861 4878 -9999.0 -9999.0 -9999.0 -9999.0 -9999.0 -9999.0 -9999.0 -9999.0 -9999.0 -9999.0 -9999.0 -9999.0 -9999.0 -9999.0 -9999.0 -9999.0 -9999.0 -9999.0 -9999.0 -9999.0 -9999.0 -9999.0 -9999.0 -9999.0 -9999.0 -9999.0 -9999.0 -9999.0 -9999.0 -9999.0 -9999.0 -9999.0 -9999.0 -9999.0 -9999.0 -9999.0 -9999.0 -9999.0 -9999.0 -9999.0 -9999.0 -9999.0 -9999.0 -9999.0 -9999.0 -9999.0 -9999.0 -9999.0 -9999.0 -9999.0 -9999.0 -9999.0 -9999.0 -9999.0 -9999.0 -9999.0 -9999.0 -9999.0 -9999.0 -9999.0
4729 4729 4729 4731 4733 4734 4737 4742 4752 4784 4788 4807 4837 4877 -9999.0 -9999.0 -9999.0 -9999.0 -9999.0 -9999.0 -9999.0 -9999.0 -9999.0 -9999.0 -9999.0 -9999.0 -9999.0 -9999.0 -9999.0 -9999.0 -9999.0 -9999.0 -9999.0 -9999.0 -9999.0 -9999.0 -9999.0 -9999.0 -9999.0 -9999.0 -9999.0 -9999.0 -9999.0 -9999.0 -9999.0 -9999.0 -9999.0 -9999.0 -9999.0 -9999.0 -9999.0 -9999.0 -9999.0 -9999.0 -9999.0 -9999.0 -9999.0 -9999.0 -9999.0 -9999.0 -9999.0 -9999.0 -9999.0 -9999.0 -9999.0 -9999.0 -9999.0 -9999.0 -9999.0 -9999.0 -9999.0 -9999.0 -9999.0 -9999.0 -9999.0
4729 4729 4729 4729 4729 4731 4732 4737 4745 4776 4786 4805 4833 4874 -9999.0 -9999.0 -9999.0 -9999.0 -9999.0 -9999.0 -9999.0 -9999.0 -9999.0 -9999.0 -9999.0 -9999.0 -9999.0 -9999.0 -9999.0 -9999.0 -9999.0 -9999.0 -9999.0 -9999.0 -9999.0 -9999.0 -9999.0 -9999.0 -9999.0 -9999.0 -9999.0 -9999.0 -9999.0 -9999.0 -9999.0 -9999.0 -9999.0 -9999.0 -9999.0 -9999.0 -9999.0 -9999.0 -9999.0 -9999.0 -9999.0 -9999.0 -9999.0 -9999.0 -9999.0 -9999.0 -9999.0 -9999.0 -9999.0 -9999.0 -9999.0 -9999.0 -9999.0 -9999.0 -9999.0 -9999.0 -9999.0 -9999.0 -9999.0 -9999.0 -9999.0
4729 4729 4729 4729 4729 4729 4730 4733 4738 4751 4762 4782 4818 4855 4880 -9999.0 -9999.0 -9999.0 -9999.0 -9999.0 -9999.0 -9999.0 -9999.0 -9999.0 -9999.0 -9999.0 -9999.0 -9999.0 -9999.0 -9999.0 -9999.0 -9999.0 -9999.0 -9999.0 -9999.0 -9999.0 -9999.0 -9999.0 -9999.0 -9999.0 -9999.0 -9999.0 -9999.0 -9999.0 -9999.0 -9999.0 -9999.0 -9999.0 -9999.0 -9999.0 -9999.0 -9999.0 -9999.0 -9999.0 -9999.0 -9999.0 -9999.0 -9999.0 -9999.0 -9999.0 -9999.0 -9999.0 -9999.0 -9999.0 -9999.0 -9999.0 -9999.0 -9999.0 -9999.0 -9999.0 -9999.0 -9999.0 -9999.0 -9999.0 -9999.0
4729 4729 4729 4729 4729 4729 4729 4731 4734 4740 4744 4752 4780 4813 4837 4857 4877 -9999.0 -9999.0 -9999.0 -9999.0 -9999.0 -9999.0 -9999.0 -9999.0 -9999.0 -9999.0 -9999.0 -9999.0 -9999.0 -9999.0 -9999.0 -9999.0 -9999.0 -9999.0 -9999.0 -9999.0 -9999.0 -9999.0 -9999.0 -9999.0 -9999.0 -9999.0 -9999.0 -9999.0 -9999.0 -9999.0 -9999.0 -9999.0 -9999.0 -9999.0 -9999.0 -9999.0 -9999.0 -9999.0 -9999.0 -9999.0 -9999.0 -9999.0 -9999.0 -9999.0 -9999.0 -9999.0 -9999.0 -9999.0 -9999.0 -9999.0 -9999.0 -9999.0 -9999.0 -9999.0 -9999.0 -9999.0 -9999.0 -9999.0
4729 4729 4729 4729 4729 4729 4729 4730 4732 4735 4741 4746 4751 4780 4821 4869 -9999.0 -9999.0 -9999.0 -9999.0 -9999.0 -9999.0 -9999.0 -9999.0 -9999.0 -9999.0 -9999.0 -9999.0 -9999.0 -9999.0 -9999.0 -9999.0 -9999.0 -9999.0 -9999.0 -9999.0 -9999.0 -9999.0 -9999.0 -9999.0 -9999.0 -9999.0 -9999.0 -9999.0 -9999.0 -9999.0 -9999.0 -9999.0 -9999.0 -9999.0 -9999.0 -9999.0 -9999.0 -9999.0 -9999.0 -9999.0 -9999.0 -9999.0 -9999.0 -9999.0 -9999.0 -9999.0 -9999.0 -9999.0 -9999.0 -9999.0 -9999.0 -9999.0 -9999.0 -9999.0 -9999.0 -9999.0 -9999.0 -9999.0 -9999.0
4729 4729 4729 4729 4729 4729 4729 4729 4731 4733 4738 4743 4746 4753 4802 4868 -9999.0 -9999.0 -9999.0 -9999.0 -9999.0 4880 -9999.0 -9999.0 -9999.0 -9999.0 -9999.0 -9999.0 -9999.0 -9999.0 -9999.0 -9999.0 -9999.0 -9999.0 -9999.0 -9999.0 -9999.0 -9999.0 -9999.0 -9999.0 -9999.0 -9999.0 -9999.0 -9999.0 -9999.0 -9999.0 -9999.0 -9999.0 -9999.0 -9999.0 -9999.0 -9999.0 -9999.0 -9999.0 -9999.0 -9999.0 -9999.0 -9999.0 -9999.0 -9999.0 -9999.0 -9999.0 -9999.0 -9999.0 -9999.0 -9999.0 -9999.0 -9999.0 -9999.0 -9999.0 -9999.0 -9999.0 -9999.0 -9999.0 -9999.0
4729 4729 4729 4729 4729 4729 4729 4729 4730 4732 4735 4740 4744 4748 4758 4819 4876 4880 4866 4875 4875 4863 4879 -9999.0 -9999.0 -9999.0 -9999.0 -9999.0 -9999.0 -9999.0 -9999.0 -9999.0 -9999.0 -9999.0 -9999.0 -9999.0 -9999.0 -9999.0 -9999.0 -9999.0 -9999.0 -9999.0 -9999.0 -9999.0 -9999.0 -9999.0 -9999.0 -9999.0 -9999.0 -9999.0 -9999.0 -9999.0 -9999.0 -9999.0 -9999.0 -9999.0 -9999.0 -9999.0 -9999.0 -9999.0 -9999.0 -9999.0 -9999.0 -9999.0 -9999.0 -9999.0 -9999.0 -9999.0 -9999.0 -9999.0 -9999.0 -9999.0 -9999.0 -9999.0 -9999.0
4729 4729 4729 4729 4729 4729 4729 4729 4729 4730 4733 4736 4740 4746 4748 4763 4809 4825 4822 4825 4830 4849 4880 -9999.0 -9999.0 -9999.0 -9999.0 -9999.0 -9999.0 -9999.0 -9999.0 -9999.0 -9999.0 -9999.0 -9999.0 -9999.0 -9999.0 -9999.0 -9999.0 -9999.0 -9999.0 -9999.0 -9999.0 -9999.0 -9999.0 -9999.0 -9999.0 -9999.0 -9999.0 -9999.0 -9999.0 -9999.0 -9999.0 -9999.0 -9999.0 -9999.0 -9999.0 -9999.0 -9999.0 -9999.0 -9999.0 -9999.0 -9999.0 -9999.0 -9999.0 -9999.0 -9999.0 -9999.0 -9999.0 -9999.0 -9999.0 -9999.0 -9999.0 -9999.0 -9999.0
4729 4729 4729 4729 4729 4729 4729 4729 4729 4730 4732 4735 4737 4744 4745 4748 4759 4780 4793 4810 4827 4857 4880 -9999.0 -9999.0 -9999.0 -9999.0 -9999.0 -9999.0 -9999.0 -9999.0 -9999.0 -9999.0 -9999.0 -9999.0 -9999.0 -9999.0 -9999.0 -9999.0 -9999.0 -9999.0 -9999.0 -9999.0 -9999.0 -9999.0 -9999.0 -9999.0 -9999.0 -9999.0 -9999.0 -9999.0 -9999.0 -9999.0 -9999.0 -9999.0 -9999.0 -9999.0 -9999.0 -9999.0 -9999.0 -9999.0 -9999.0 -9999.0 -9999.0 -9999.0 -9999.0 -9999.0 -9999.0 -9999.0 -9999.0 -9999.0 -9999.0 -9999.0 -9999.0 -9999.0
4729 4729 4729 4729 4729 4729 4729 4729 4729 4729 4732 4734 4737 4740 4742 4747 4752 4772 4790 4813 4840 4878 -9999.0 -9999.0 -9999.0 -9999.0 -9999.0 -9999.0 -9999.0 -9999.0 -9999.0 -9999.0 -9999.0 -9999.0 -9999.0 -9999.0 -9999.0 -9999.0 -9999.0 -9999.0 -9999.0 -9999.0 -9999.0 -9999.0 -9999.0 -9999.0 -9999.0 -9999.0 -9999.0 -9999.0 -9999.0 -9999.0 -9999.0 -9999.0 -9999.0 -9999.0 -9999.0 -9999.0 -9999.0 -9999.0 -9999.0 -9999.0 -9999.0 -9999.0 -9999.0 -9999.0 -9999.0 -9999.0 -9999.0 -9999.0 -9999.0 -9999.0 -9999.0 -9999.0 -9999.0
4729 4729 4729 4729 4729 4729 4729 4729 4729 4729 4731 4733 4734 4737 4742 4746 4749 4757 4781 4816 4848 4878 -9999.0 -9999.0 -9999.0 -9999.0 4880 -9999.0 -9999.0 -9999.0 -9999.0 -9999.0 -9999.0 -9999.0 -9999.0 -9999.0 -9999.0 -9999.0 -9999.0 -9999.0 -9999.0 -9999.0 -9999.0 -9999.0 -9999.0 -9999.0 -9999.0 -9999.0 -9999.0 -9999.0 -9999.0 -9999.0 -9999.0 -9999.0 -9999.0 -9999.0 -9999.0 -9999.0 -9999.0 -9999.0 -9999.0 -9999.0 -9999.0 -9999.0 -9999.0 -9999.0 -9999.0 -9999.0 -9999.0 -9999.0 -9999.0 -9999.0 -9999.0 -9999.0 -9999.0
4729 4729 4729 4729 4729 4729 4729 4729 4729 4729 4730 4730 4732 4736 4740 4743 4746 4748 4771 4809 4849 4880 -9999.0 -9999.0 -9999.0 4880 4867 -9999.0 -9999.0 -9999.0 -9999.0 -9999.0 -9999.0 -9999.0 -9999.0 -9999.0 -9999.0 -9999.0 -9999.0 -9999.0 -9999.0 -9999.0 -9999.0 -9999.0 -9999.0 -9999.0 -9999.0 -9999.0 -9999.0 -9999.0 -9999.0 -9999.0 -9999.0 -9999.0 -9999.0 -9999.0 -9999.0 -9999.0 -9999.0 -9999.0 -9999.0 -9999.0 -9999.0 -9999.0 -9999.0 -9999.0 -9999.0 -9999.0 -9999.0 -9999.0 -9999.0 -9999.0 -9999.0 -9999.0 -9999.0
4729 4729 4729 4729 4729 4729 4729 4729 4729 4729 4729 4730 4732 4734 4736 4743 4746 4746 4758 4794 4829 4861 4879 4879 4880 4871 4847 4878 -9999.0 -9999.0 4879 4878 -9999.0 -9999.0 -9999.0 -9999.0 -9999.0 -9999.0 -9999.0 -9999.0 -9999.0 -9999.0 -9999.0 -9999.0 -9999.0 -9999.0 -9999.0 -9999.0 -9999.0 -9999.0 -9999.0 -9999.0 -9999.0 -9999.0 -9999.0 -9999.0 -9999.0 -9999.0 -9999.0 -9999.0 -9999.0 -9999.0 -9999.0 -9999.0 -9999.0 -9999.0 -9999.0 -9999.0 -9999.0 -9999.0 -9999.0 -9999.0 -9999.0 -9999.0 -9999.0
4729 4729 4729 4729 4729 4729 4729 4729 4729 4729 4729 4730 4731 4733 4735 4741 4744 4745 4750 4759 4781 4801 4821 4827 4826 4820 4828 4844 4864 4864 4850 4878 -9999.0 -9999.0 -9999.0 -9999.0 -9999.0 -9999.0 -9999.0 -9999.0 4878 4873 4880 4880 -9999.0 -9999.0 -9999.0 -9999.0 -9999.0 -9999.0 -9999.0 -9999.0 -9999.0 -9999.0 -9999.0 -9999.0 -9999.0 -9999.0 -9999.0 -9999.0 -9999.0 -9999.0 -9999.0 -9999.0 -9999.0 -9999.0 -9999.0 -9999.0 -9999.0 -9999.0 -9999.0 -9999.0 -9999.0 -9999.0 -9999.0
4729 4729 4729 4729 4729 4729 4729 4729 4729 4729 4729 4730 4732 4733 4734 4738 4741 4742 4746 4752 4760 4774 4786 4792 4797 4802 4812 4820 4830 4832 4836 4879 -9999.0 4880 -9999.0 -9999.0 -9999.0 4880 4880 4877 4864 4858 4858 4865 4879 -9999.0 -9999.0 -9999.0 -9999.0 -9999.0 -9999.0 -9999.0 -9999.0 -9999.0 -9999.0 -9999.0 -9999.0 -9999.0 -9999.0 -9999.0 -9999.0 -9999.0 -9999.0 -9999.0 -9999.0 -9999.0 -9999.0 -9999.0 -9999.0 -9999.0 -9999.0 -9999.0 -9999.0 -9999.0 -9999.0
4729 4729 4729 4729 4729 4729 4729 4729 4729 4729 4729 4730 4731 4733 4735 4737 4739 4742 4743 4748 4755 4766 4774 4782 4788 4792 4800 4808 4815 4820 4822 4846 4851 4847 4864 4871 4865 4844 4841 4844 4845 4846 4846 4852 4865 -9999.0 -9999.0 -9999.0 -9999.0 -9999.0 -9999.0 -9999.0 -9999.0 -9999.0 4879 4876 4876 -9999.0 -9999.0 -9999.0 -9999.0 -9999.0 -9999.0 -9999.0 -9999.0 -9999.0 -9999.0 -9999.0 4879 -9999.0 4876 4856 4850 4866 4880
4729 4729 4729 4729 4729 4729 4729 4729 4729 4729 4729 4729 4730 4732 4733 4735 4738 4742 4742 4745 4751 4760 4767 4775 4780 4786 4794 4800 4807 4810 4811 4813 4821 4825 4826 4825 4824 4822 4826 4830 4833 4833 4833 4839 4847 4867 4869 4869 4877 4879 4876 4879 4879 4880 4871 4864 4865 4878 -9999.0 -9999.0 -9999.0 -9999.0 -9999.0 -9999.0 -9999.0 -9999.0 4879 4869 4856 4856 4851 4838 4840 4856 4870
4729 4729 4729 4729 4729 4729 4729 4729 4729 4729 4729 4730 4730 4731 4733 4735 4736 4741 4742 4743 4747 4757 4764 4769 4774 4781 4788 4795 4801 4802 4803 4803 4805 4806 4807 4806 4809 4815 4820 4822 4824 4824 4825 4829 4834 4836 4838 4842 4846 4851 4855 4851 4855 4857 4854 4853 4854 4878 4880 -9999.0 -9999.0 4880 4872 4880 -9999.0 -9999.0 4877 4855 4843 4834 4827 4828 4841 4870 4872
4729 4729 4729 4729 4729 4729 4729 4729 4729 4729 4729 4729 4730 4731 4733 4733 4736 4740 4742 4744 4746 4753 4759 4765 4771 4775 4781 4786 4790 4793 4794 4795 4795 4796 4798 4799 4803 4809 4812 4815 4817 4819 4819 4822 4823 4822 4824 4828 4830 4832 4835 4840 4842 4842 4844 4844 4845 4855 4862 4878 4878 4863 4851 4871 -9999.0 4880 4867 4846 4833 4827 4819 4821 4841 4872 4873
4729 4729 4729 4729 4729 4729 4729 4729 4729 4729 4729 4729 4730 4731 4732 4734 4735 4738 4742 4743 4744 4749 4752 4758 4765 4770 4774 4780 4783 4785 4786 4786 4786 4788 4792 4795 4799 4802 4806 4808 4809 4810 4810 4813 4813 4813 4814 4817 4819 4820 4827 4832 4831 4833 4836 4836 4836 4833 4839 4844 4839 4829 4838 4863 4871 4868 4847 4834 4823 4818 4813 4816 4836 4854 4853
4729 4729 4729 4729 4729 4729 4729 4729 4729 4729 4729 4729 4731 4732 4733 4734 4734 4737 4742 4742 4742 4746 4750 4754 4758 4763 4767 4771 4775 4778 4779 4778 4779 4784 4787 4790 4794 4796 4800 4801 4802 4803 4803 4805 4806 4804 4804 4807 4809 4816 4822 4824 4823 4826 4828 4828 4827 4823 4821 4819 4814 4819 4845 4861 4862 4844 4825 4818 4813 4810 4807 4829 4839 4839 4825
4729 4729 4729 4729 4729 4729 4729 4729 4729 4729 4729 4730 4731 4733 4733 4733 4735 4737 4741 4741 4742 4745 4749 4753 4755 4755 4759 4762 4766 4769 4770 4772 4775 4779 4783 4785 4788 4791 4793 4796 4797 4797 4797 4798 4795 4796 4796 4802 4807 4812 4816 4816 4818 4821 4821 4821 4821 4817 4817 4815 4809 4820 4846 4863 4863 4837 4808 4806 4805 4803 4804 4826 4830 4830 4808
4729 4729 4729 4729 4729 4729 4729 4729 4729 4729 4729 4730 4732 4733 4733 4734 4735 4736 4740 4742 4742 4745 4749 4751 4751 4752 4755 4757 4760 4764 4767 4769 4771 4775 4779 4780 4783 4785 4789 4790 4791 4791 4791 4791 4791 4791 4792 4798 4803 4808 4810 4811 4814 4816 4817 4815 4815 4812 4810 4809 4803 4814 4838 4850 4852 4834 4804 4798 4798 4797 4798 4803 4803 4798 4793
4729 4729 4729 4729 4729 4729 4729 4729 4729 4729 4729 4729 4731 4732 4733 4734 4735 4736 4739 4742 4742 4743 4749 4751 4752 4752 4752 4754 4755 4760 4761 4765 4768 4771 4772 4776 4778 4782 4783 4785 4785 4785 4786 4786 4785 4786 4790 4793 4796 4800 4802 4805 4809 4810 4810 4811 4810 4807 4803 4802 4797 4801 4817 4827 4829 4821 4802 4792 4790 4787 4786 4788 4788 4789 4790
4729 4729 4729 4729 4729 4729 4729 4729 4729 4729 4729 4730 4731 4732 4733 4734 4735 4736 4740 4741 4741 4743 4745 4749 4752 4751 4751 4753 4754 4756 4756 4760 4764 4767 4767 4770 4773 4776 4778 4779 4779 4779 4780 4780 4778 4781 4784 4788 4791 4793 4798 4801 4802 4804 4805 4806 4805 4802 4798 4796 4794 4791 4793 4795 4795 4789 4789 4785 4784 4785 4786 4785 4786 4788 4791
4729 4729 4729 4729 4729 4729 4729 4729 4729 4729 4729 4730 4732 4732 4733 4734 4736 4737 4739 4740 4741 4743 4745 4748 4752 4751 4751 4752 4753 4754 4755 4757 4760 4762 4763 4765 4768 4770 4771 4772 4773 4773 4774 4774 4773 4775 4778 4783 4787 4789 4794 4797 4798 4798 4797 4799 4799 4796 4792 4791 4790 4786 4787 4786 4785 4782 4783 4784 4784 4785 4786 4787 4787 4789 4791
4729 4729 4729 4729 4729 4729 4729 4729 4729 4729 4729 4730 4732 4732 4734 4734 4736 4736 4740 4741 4742 4743 4745 4749 4753 4752 4751 4751 4752 4753 4754 4755 4757 4759 4760 4761 4762 4765 4766 4768 4769 4769 4769 4768 4770 4772 4772 4776 4782 4785 4789 4792 4791 4790 4791 4794 4794 4794 4788 4788 4787 4784 4783 4782 4781 4782 4783 4782 4784 4785 4787 4788 4790 4791 4793
4729 4729 4729 4729 4729 4729 4729 4729 4729 4729 4729 4730 4732 4732 4734 4734 4735 4736 4739 4741 4742 4742 4745 4747 4750 4751 4751 4752 4752 4752 4753 4754 4756 4758 4758 4758 4758 4762 4763 4763 4765 4765 4765 4765 4766 4768 4770 4773 4777 4778 4780 4782 4784 4786 4786 4789 4793 4793 4787 4784 4783 4781 4781 4780 4781 4782 4784 4786 4786 4788 4790 4791 4792 4794 4797
4729 4729 4729 4729 4729 4729 4729 4729 4729 4729 4729 4730 4732 4733 4734 4735 4735 4737 4739 4741 4741 4742 4743 4746 4750 4751 4751 4752 4752 4752 4752 4753 4754 4755 4755 4755 4758 4760 4760 4761 4762 4762 4763 4764 4765 4766 4767 4770 4772 4773 4774 4776 4779 4780 4781 4782 4781 4780 4780 4780 4779 4780 4780 4781 4782 4783 4786 4789 4792 4794 4796 4799 4799 4800 4802
