notebooks/tutorials/flexure/dem2.asc
ncols         623
nrows         323
xllcorner     492308.709
yllcorner     3362315.04
cellsize      200
nodata_value  -9999.0
[rows 198 to 230 of 323, columns 300 to 374 of 623]
4729 4729 4729 4729 4729 4729 4729 4729 4729 4729 4729 4729 4729 4729 4729 4729 4729 4729 4729 4729 4729 4729 4729 4729 4729 4729 4729 4729 4729 4729 4729 4729 4729 4729 4729 4729 4729 4729 4729 4729 4729 4729 4729 4729 4729 4729 4729 4729 4729 4729 4729 4729 4729 4729 4729 4729 4729 4729 4729 4729 4729 4729 4729 4729 4729 4733 4736 4738 4742 4745 4748 4750 4748 4748 4748
4729 4729 4729 4729 4729 4729 4729 4729 4729 4729 4729 4729 4729 4729 4729 4729 4729 4729 4729 4729 4729 4729 4729 4729 4729 4729 4729 4729 4729 4729 4729 4729 4729 4729 4729 4729 4729 4729 4729 4729 4729 4729 4729 4729 4729 4729 4729 4729 4729 4729 4729 4729 4729 4729 4729 4729 4729 4729 4729 4729 4729 4729 4730 4731 4734 4738 4741 4746 4747 4749 4752 4754 4753 4753 4753
4729 4729 4729 4729 4729 4729 4729 4729 4729 4729 4729 4729 4729 4729 4729 4729 4729 4729 4729 4729 4729 4729 4729 4729 4729 4729 4729 4729 4729 4729 4729 4729 4729 4729 4729 4729 4729 4729 4729 4729 4729 4729 4729 4729 4729 4729 4729 4729 4729 4729 4729 4729 4729 4729 4729 4729 4729 4729 4729 4729 4729 4729 4730 4735 4738 4743 4746 4750 4752 4756 4759 4762 4763 4762 4760
4729 4729 4729 4729 4729 4729 4729 4729 4729 4729 4729 4729 4729 4729 4729 4729 4729 4729 4729 4729 4729 4729 4729 4729 4729 4729 4729 4729 4729 4729 4729 4729 4729 4729 4729 4729 4729 4729 4729 4729 4729 4729 4729 4729 4729 4729 4729 4729 4729 4729 4729 4729 4729 4729 4729 4729 4729 4729 4729 4729 4729 4730 4735 4738 4745 4749 4750 4753 4761 4764 4765 4770 4770 4771 4769
4729 4729 4729 4729 4729 4729 4729 4729 4729 4729 4729 4729 4729 4729 4729 4729 4729 4729 4729 4729 4729 4729 4729 4729 4729 4729 4729 4729 4729 4729 4729 4729 4729 4729 4729 4729 4729 4729 4729 4729 4729 4729 4729 4729 4729 4729 4729 4729 4729 4729 4729 4729 4729 4729 4729 4729 4729 4729 4729 4729 4731 4734 4739 4744 4747 4752 4756 4763 4770 4769 4772 4773 4775 4775 4775
4729 4729 4729 4729 4729 4729 4729 4729 4729 4729 4729 4729 4729 4729 4729 4729 4729 4729 4729 4729 4729 4729 4729 4729 4729 4729 4729 4729 4729 4729 4729 4729 4729 4729 4729 4729 4729 4729 4729 4729 4729 4729 4729 4729 4729 4729 4729 4729 4729 4729 4729 4729 4729 4730 4730 4731 4733 4734 4732 4733 4735 4738 4743 4748 4748 4754 4763 4771 4774 4777 4779 4778 4781 4782 4786
4729 4729 4729 4729 4729 4729 4729 4729 4729 4729 4729 4729 4729 4729 4729 4729 4729 4729 4729 4729 4729 4729 4729 4729 4729 4729 4729 4729 4729 4729 4729 4729 4729 4729 4729 4729 4729 4729 4729 4729 4729 4729 4729 4729 4729 4729 4729 4729 4729 4729 4730 4731 4731 4733 4734 4737 4737 4738 4738 4738 4739 4742 4748 4750 4752 4762 4772 4776 4778 4783 4787 4786 4789 4793 4799
4729 4729 4729 4729 4729 4729 4729 4729 4729 4729 4729 4729 4729 4729 4729 4729 4729 4729 4729 4729 4729 4729 4729 4729 4729 4729 4729 4729 4729 4729 4729 4729 4729 4729 4729 4729 4729 4729 4729 4729 4729 4729 4729 4729 4729 4729 4729 4729 4729 4731 4733 4735 4736 4738 4739 4742 4743 4744 4744 4741 4744 4746 4748 4751 4762 4767 4775 4779 4783 4789 4793 4792 4795 4801 4809
4729 4729 4729 4729 4729 4729 4729 4729 4729 4729 4729 4729 4729 4729 4729 4729 4729 4729 4729 4729 4729 4729 4729 4729 4729 4729 4729 4729 4729 4729 4729 4729 4729 4729 4729 4729 4729 4729 4729 4729 4729 4729 4729 4729 4729 4729 4729 4729 4732 4736 4738 4740 4742 4745 4747 4748 4748 4749 4749 4748 4746 4748 4750 4755 4763 4769 4781 4784 4789 4792 4796 4798 4800 4807 4826
4729 4729 4729 4729 4729 4729 4729 4729 4729 4729 4729 4729 4729 4729 4729 4729 4729 4729 4729 4729 4729 4729 4729 4729 4729 4729 4729 4729 4729 4729 4729 4729 4729 4729 4729 4729 4729 4729 4729 4729 4729 4729 4729 4729 4729 4729 4729 4731 4734 4739 4743 4745 4747 4750 4753 4753 4753 4755 4754 4753 4751 4750 4756 4760 4766 4776 4801 4804 4799 4804 4804 4806 4809 4823 -9999.0
4729 4729 4729 4729 4729 4729 4729 4729 4729 4729 4729 4729 4729 4729 4729 4729 4729 4729 4729 4729 4729 4729 4729 4729 4729 4729 4729 4729 4729 4729 4729 4729 4729 4729 4729 4729 4729 4729 4729 4729 4729 4729 4729 4729 4729 4729 4731 4734 4737 4741 4746 4747 4752 4756 4758 4760 4760 4758 4758 4757 4757 4755 4763 4769 4772 4783 4815 4840 4834 4833 4830 4819 -9999.0 -9999.0 -9999.0
4729 4729 4729 4729 4729 4729 4729 4729 4729 4729 4729 4729 4729 4729 4729 4729 4729 4729 4729 4729 4729 4729 4729 4729 4729 4729 4729 4729 4729 4729 4729 4729 4729 4729 4729 4729 4729 4729 4729 4729 4729 4729 4729 4729 4729 4731 4734 4738 4742 4746 4751 4754 4757 4761 4762 4763 4764 4765 4763 4763 4765 4770 4773 4778 4781 4791 4824 4880 4877 4870 -9999.0 -9999.0 -9999.0 -9999.0 -9999.0
4729 4729 4729 4729 4729 4729 4729 4729 4729 4729 4729 4729 4729 4729 4729 4729 4729 4729 4729 4729 4729 4729 4729 4729 4729 4729 4729 4729 4729 4729 4729 4729 4729 4729 4729 4729 4729 4729 4729 4729 4729 4729 4729 4729 4730 4734 4736 4740 4746 4749 4757 4760 4762 4765 4768 4768 4770 4770 4769 4782 4792 4808 4806 4790 4791 4801 4835 4878 -9999.0 -9999.0 -9999.0 -9999.0 -9999.0 -9999.0 -9999.0
4729 4729 4729 4729 4729 4729 4729 4729 4729 4729 4730 4731 4733 4732 4731 4730 4730 4730 4729 4729 4729 4729 4729 4729 4729 4729 4729 4729 4729 4729 4729 4729 4729 4729 4729 4729 4730 4730 4729 4729 4729 4729 4730 4730 4732 4736 4739 4742 4747 4751 4760 4762 4765 4770 4774 4776 4778 4777 4784 4815 4850 4849 4829 4812 4807 -9999.0 -9999.0 -9999.0 -9999.0 -9999.0 -9999.0 -9999.0 -9999.0 -9999.0 -9999.0
4729 4729 4729 4729 4729 4729 4729 4729 4730 4732 4734 4736 4739 4738 4737 4737 4736 4736 4734 4733 4734 4732 4729 4729 4729 4729 4729 4729 4729 4729 4729 4729 4732 4735 4744 4742 4734 4734 4731 4729 4729 4729 4731 4734 4736 4739 4743 4746 4749 4754 4761 4766 4770 4775 4779 4782 4782 4784 4796 4832 4876 -9999.0 -9999.0 -9999.0 -9999.0 -9999.0 -9999.0 -9999.0 -9999.0 -9999.0 -9999.0 -9999.0 -9999.0 -9999.0 -9999.0
4729 4729 4729 4729 4729 4729 4729 4733 4734 4736 4740 4742 4744 4744 4745 4745 4744 4744 4743 4746 4746 4741 4735 4732 4729 4729 4729 4729 4729 4729 4731 4757 4800 4835 4839 4827 4784 4751 4741 4736 4733 4735 4737 4738 4740 4744 4747 4749 4752 4756 4762 4769 4776 4780 4785 4788 4791 4798 -9999.0 -9999.0 -9999.0 -9999.0 -9999.0 -9999.0 -9999.0 -9999.0 -9999.0 -9999.0 -9999.0 -9999.0 -9999.0 -9999.0 -9999.0 -9999.0 -9999.0
4729 4729 4729 4729 4729 4729 4733 4738 4740 4743 4747 4750 4750 4752 4753 4754 4752 4751 4759 4764 4760 4750 4745 4741 4735 4732 4735 4738 4738 4741 4762 4804 4848 4880 4876 4832 4785 4762 4754 4749 4747 4743 4744 4744 4746 4747 4749 4754 4760 4763 4768 4778 4785 4792 -9999.0 -9999.0 -9999.0 -9999.0 -9999.0 -9999.0 -9999.0 -9999.0 -9999.0 -9999.0 -9999.0 -9999.0 -9999.0 -9999.0 -9999.0 -9999.0 -9999.0 -9999.0 -9999.0 -9999.0 -9999.0
4729 4729 4729 4729 4729 4731 4737 4743 4749 4752 4760 4763 4759 4767 4769 4769 4763 4767 4773 4776 4774 4760 4754 4751 4747 4745 4748 4752 4758 4767 4810 4844 4873 -9999.0 4875 4823 4784 4788 4808 4813 4799 4777 4756 4753 4752 4755 4760 4766 4769 4772 4778 -9999.0 -9999.0 -9999.0 -9999.0 -9999.0 -9999.0 -9999.0 -9999.0 -9999.0 -9999.0 -9999.0 -9999.0 -9999.0 -9999.0 -9999.0 -9999.0 -9999.0 -9999.0 -9999.0 -9999.0 -9999.0 -9999.0 -9999.0 -9999.0
4729 4729 4729 4729 4729 4737 4745 4752 4757 4767 4769 4771 4769 4777 4777 4776 4771 4775 4786 4786 4785 4770 4765 4767 4771 4771 4770 4772 4785 4800 4822 4847 4872 -9999.0 4879 4817 4822 4866 4878 4880 4869 4833 4807 4781 4766 4768 4773 -9999.0 -9999.0 -9999.0 -9999.0 -9999.0 -9999.0 -9999.0 -9999.0 -9999.0 -9999.0 -9999.0 -9999.0 -9999.0 -9999.0 -9999.0 -9999.0 -9999.0 -9999.0 -9999.0 -9999.0 -9999.0 -9999.0 -9999.0 -9999.0 -9999.0 -9999.0 -9999.0 -9999.0
4729 4729 4729 4729 4730 4744 4754 4757 4763 4769 4776 4780 4776 4783 4784 4783 4784 4790 4800 4802 4796 4781 4780 4797 4803 4803 4803 4805 4809 4834 4851 4863 4870 4879 4878 4829 4862 -9999.0 -9999.0 -9999.0 -9999.0 4876 4850 4796 -9999.0 -9999.0 -9999.0 -9999.0 -9999.0 -9999.0 -9999.0 -9999.0 -9999.0 -9999.0 -9999.0 -9999.0 -9999.0 -9999.0 -9999.0 -9999.0 -9999.0 -9999.0 -9999.0 -9999.0 -9999.0 -9999.0 -9999.0 -9999.0 -9999.0 -9999.0 -9999.0 -9999.0 -9999.0 -9999.0 -9999.0
4729 4729 4729 4729 4734 4751 4762 4767 4770 4781 4785 4788 4786 4793 4798 4802 4802 4804 4814 4815 4805 4792 4794 4816 4825 4827 4828 4832 4834 4851 4874 4878 4880 4869 4852 4853 4880 -9999.0 -9999.0 -9999.0 -9999.0 -9999.0 -9999.0 -9999.0 -9999.0 -9999.0 -9999.0 -9999.0 -9999.0 -9999.0 -9999.0 -9999.0 -9999.0 -9999.0 -9999.0 -9999.0 -9999.0 -9999.0 -9999.0 -9999.0 -9999.0 -9999.0 -9999.0 -9999.0 -9999.0 -9999.0 -9999.0 -9999.0 -9999.0 -9999.0 -9999.0 -9999.0 -9999.0 -9999.0 -9999.0
4729 4729 4729 4732 4741 4758 4769 4775 4788 4793 4798 4799 4797 4802 4812 4819 4819 4822 4833 4834 4819 4810 4816 4841 4857 4866 4868 4873 4875 4879 -9999.0 -9999.0 -9999.0 4880 4862 4877 -9999.0 -9999.0 -9999.0 -9999.0 -9999.0 -9999.0 -9999.0 -9999.0 -9999.0 -9999.0 -9999.0 -9999.0 -9999.0 -9999.0 -9999.0 -9999.0 -9999.0 -9999.0 -9999.0 -9999.0 -9999.0 -9999.0 -9999.0 -9999.0 -9999.0 -9999.0 -9999.0 -9999.0 -9999.0 -9999.0 -9999.0 -9999.0 -9999.0 -9999.0 -9999.0 -9999.0 -9999.0 -9999.0 -9999.0
4729 4729 4729 4737 4748 4769 4782 4792 4806 4811 4813 4812 4807 4811 4820 4828 4835 4843 4854 4852 4836 4829 4831 4866 4880 -9999.0 -9999.0 -9999.0 -9999.0 -9999.0 -9999.0 -9999.0 -9999.0 -9999.0 -9999.0 -9999.0 -9999.0 -9999.0 -9999.0 -9999.0 -9999.0 -9999.0 -9999.0 -9999.0 -9999.0 -9999.0 -9999.0 -9999.0 -9999.0 -9999.0 -9999.0 -9999.0 -9999.0 -9999.0 -9999.0 -9999.0 -9999.0 -9999.0 -9999.0 -9999.0 -9999.0 -9999.0 -9999.0 -9999.0 -9999.0 -9999.0 -9999.0 -9999.0 -9999.0 -9999.0 -9999.0 -9999.0 -9999.0 -9999.0 -9999.0
4729 4730 4736 4744 4754 4773 4801 4813 4824 4831 4830 4823 4815 4816 4828 4838 4846 4860 4875 4876 4864 4855 4845 4871 -9999.0 -9999.0 -9999.0 -9999.0 -9999.0 -9999.0 -9999.0 -9999.0 -9999.0 -9999.0 -9999.0 -9999.0 -9999.0 -9999.0 -9999.0 -9999.0 -9999.0 -9999.0 -9999.0 -9999.0 -9999.0 -9999.0 -9999.0 -9999.0 -9999.0 -9999.0 -9999.0 -9999.0 -9999.0 -9999.0 -9999.0 -9999.0 -9999.0 -9999.0 -9999.0 -9999.0 -9999.0 -9999.0 -9999.0 -9999.0 -9999.0 -9999.0 -9999.0 -9999.0 -9999.0 -9999.0 -9999.0 -9999.0 -9999.0 -9999.0 -9999.0
4732 4735 4743 4751 4756 4770 4805 4825 4841 4847 4842 4830 4824 4822 4836 4846 4856 4877 -9999.0 -9999.0 4879 4880 4875 4874 -9999.0 -9999.0 -9999.0 -9999.0 -9999.0 -9999.0 -9999.0 -9999.0 -9999.0 -9999.0 -9999.0 -9999.0 -9999.0 -9999.0 -9999.0 -9999.0 -9999.0 -9999.0 -9999.0 -9999.0 -9999.0 -9999.0 -9999.0 -9999.0 -9999.0 -9999.0 -9999.0 -9999.0 -9999.0 -9999.0 -9999.0 -9999.0 -9999.0 -9999.0 -9999.0 -9999.0 -9999.0 -9999.0 -9999.0 -9999.0 -9999.0 -9999.0 -9999.0 -9999.0 -9999.0 -9999.0 -9999.0 -9999.0 -9999.0 -9999.0 -9999.0
4734 4743 4750 4755 4755 4765 4800 4825 4852 4866 4863 4850 4841 4832 4844 4861 4870 4879 -9999.0 -9999.0 -9999.0 -9999.0 -9999.0 -9999.0 -9999.0 -9999.0 -9999.0 -9999.0 -9999.0 -9999.0 -9999.0 -9999.0 -9999.0 -9999.0 -9999.0 -9999.0 -9999.0 -9999.0 -9999.0 -9999.0 -9999.0 -9999.0 -9999.0 -9999.0 -9999.0 -9999.0 -9999.0 -9999.0 -9999.0 -9999.0 -9999.0 -9999.0 -9999.0 -9999.0 -9999.0 -9999.0 -9999.0 -9999.0 -9999.0 -9999.0 -9999.0 -9999.0 -9999.0 -9999.0 -9999.0 -9999.0 -9999.0 -9999.0 -9999.0 -9999.0 -9999.0 -9999.0 -9999.0 -9999.0 -9999.0
4742 4751 4755 4756 4758 4772 4802 4826 4856 4880 4880 4875 4858 4845 4860 4874 4880 -9999.0 -9999.0 -9999.0 -9999.0 -9999.0 -9999.0 -9999.0 -9999.0 -9999.0 -9999.0 -9999.0 -9999.0 -9999.0 -9999.0 -9999.0 -9999.0 -9999.0 -9999.0 -9999.0 -9999.0 -9999.0 -9999.0 -9999.0 -9999.0 -9999.0 -9999.0 -9999.0 -9999.0 -9999.0 -9999.0 -9999.0 -9999.0 -9999.0 -9999.0 -9999.0 -9999.0 -9999.0 -9999.0 -9999.0 -9999.0 -9999.0 -9999.0 -9999.0 -9999.0 -9999.0 -9999.0 -9999.0 -9999.0 -9999.0 -9999.0 -9999.0 -9999.0 -9999.0 -9999.0 -9999.0 -9999.0 -9999.0 -9999.0
4749 4753 4756 4758 4762 4775 4800 4829 4858 -9999.0 -9999.0 -9999.0 4878 4865 -9999.0 -9999.0 -9999.0 -9999.0 -9999.0 -9999.0 -9999.0 -9999.0 -9999.0 -9999.0 -9999.0 -9999.0 -9999.0 -9999.0 -9999.0 -9999.0 -9999.0 -9999.0 -9999.0 -9999.0 -9999.0 -9999.0 -9999.0 -9999.0 -9999.0 -9999.0 -9999.0 -9999.0 -9999.0 -9999.0 -9999.0 -9999.0 -9999.0 -9999.0 -9999.0 -9999.0 -9999.0 -9999.0 -9999.0 -9999.0 -9999.0 -9999.0 -9999.0 -9999.0 -9999.0 -9999.0 -9999.0 -9999.0 -9999.0 -9999.0 -9999.0 -9999.0 -9999.0 -9999.0 -9999.0 -9999.0 -9999.0 -9999.0 -9999.0 -9999.0 -9999.0
4780 4789 4770 4761 4763 4776 4798 4830 4857 4880 -9999.0 -9999.0 -9999.0 -9999.0 -9999.0 -9999.0 -9999.0 -9999.0 -9999.0 -9999.0 -9999.0 -9999.0 -9999.0 -9999.0 -9999.0 -9999.0 -9999.0 -9999.0 -9999.0 -9999.0 -9999.0 -9999.0 -9999.0 -9999.0 -9999.0 -9999.0 -9999.0 -9999.0 -9999.0 -9999.0 -9999.0 -9999.0 -9999.0 -9999.0 -9999.0 -9999.0 -9999.0 -9999.0 -9999.0 -9999.0 -9999.0 -9999.0 -9999.0 -9999.0 -9999.0 -9999.0 -9999.0 -9999.0 -9999.0 -9999.0 -9999.0 -9999.0 -9999.0 -9999.0 -9999.0 -9999.0 -9999.0 -9999.0 -9999.0 -9999.0 -9999.0 -9999.0 -9999.0 -9999.0 -9999.0
4874 4871 4809 4770 4771 4778 -9999.0 -9999.0 -9999.0 -9999.0 -9999.0 -9999.0 -9999.0 -9999.0 -9999.0 -9999.0 -9999.0 -9999.0 -9999.0 -9999.0 -9999.0 -9999.0 -9999.0 -9999.0 -9999.0 -9999.0 -9999.0 -9999.0 -9999.0 -9999.0 -9999.0 -9999.0 -9999.0 -9999.0 -9999.0 -9999.0 -9999.0 -9999.0 -9999.0 -9999.0 -9999.0 -9999.0 -9999.0 -9999.0 -9999.0 -9999.0 -9999.0 -9999.0 -9999.0 -9999.0 -9999.0 -9999.0 -9999.0 -9999.0 -9999.0 -9999.0 -9999.0 -9999.0 -9999.0 -9999.0 -9999.0 -9999.0 -9999.0 -9999.0 -9999.0 -9999.0 -9999.0 -9999.0 -9999.0 -9999.0 -9999.0 -9999.0 -9999.0 -9999.0 -9999.0
-9999.0 4880 -9999.0 -9999.0 -9999.0 -9999.0 -9999.0 -9999.0 -9999.0 -9999.0 -9999.0 -9999.0 -9999.0 -9999.0 -9999.0 -9999.0 -9999.0 -9999.0 -9999.0 -9999.0 -9999.0 -9999.0 -9999.0 -9999.0 -9999.0 -9999.0 -9999.0 -9999.0 -9999.0 -9999.0 -9999.0 -9999.0 -9999.0 -9999.0 -9999.0 -9999.0 -9999.0 -9999.0 -9999.0 -9999.0 -9999.0 -9999.0 -9999.0 -9999.0 -9999.0 -9999.0 -9999.0 -9999.0 -9999.0 -9999.0 -9999.0 -9999.0 -9999.0 -9999.0 -9999.0 -9999.0 -9999.0 -9999.0 -9999.0 -9999.0 -9999.0 -9999.0 -9999.0 -9999.0 -9999.0 -9999.0 -9999.0 -9999.0 -9999.0 -9999.0 -9999.0 -9999.0 -9999.0 -9999.0 -9999.0
-9999.0 -9999.0 -9999.0 -9999.0 -9999.0 -9999.0 -9999.0 -9999.0 -9999.0 -9999.0 -9999.0 -9999.0 -9999.0 -9999.0 -9999.0 -9999.0 -9999.0 -9999.0 -9999.0 -9999.0 -9999.0 -9999.0 -9999.0 -9999.0 -9999.0 -9999.0 -9999.0 -9999.0 -9999.0 -9999.0 -9999.0 -9999.0 -9999.0 -9999.0 -9999.0 -9999.0 -9999.0 -9999.0 -9999.0 -9999.0 -9999.0 -9999.0 -9999.0 -9999.0 -9999.0 -9999.0 -9999.0 -9999.0 -9999.0 -9999.0 -9999.0 -9999.0 -9999.0 -9999.0 -9999.0 -9999.0 -9999.0 -9999.0 -9999.0 -9999.0 -9999.0 -9999.0 -9999.0 -9999.0 -9999.0 -9999.0 -9999.0 -9999.0 -9999.0 -9999.0 -9999.0 -9999.0 -9999.0 -9999.0 -9999.0
-9999.0 -9999.0 -9999.0 -9999.0 -9999.0 -9999.0 -9999.0 -9999.0 -9999.0 -9999.0 -9999.0 -9999.0 -9999.0 -9999.0 -9999.0 -9999.0 -9999.0 -9999.0 -9999.0 -9999.0 -9999.0 -9999.0 -9999.0 -9999.0 -9999.0 -9999.0 -9999.0 -9999.0 -9999.0 -9999.0 -9999.0 -9999.0 -9999.0 -9999.0 -9999.0 -9999.0 -9999.0 -9999.0 -9999.0 -9999.0 -9999.0 -9999.0 -9999.0 -9999.0 -9999.0 -9999.0 -9999.0 -9999.0 -9999.0 -9999.0 -9999.0 -9999.0 -9999.0 -9999.0 -9999.0 -9999.0 -9999.0 -9999.0 -9999.0 -9999.0 -9999.0 -9999.0 -9999.0 -9999.0 -9999.0 -9999.0 -9999.0 -9999.0 -9999.0 -9999.0 -9999.0 -9999.0 -9999.0 -9999.0 -9999.0
