notebooks/tutorials/flexure/dem2.asc
ncols         623
nrows         323
xllcorner     492308.709
yllcorner     3362315.04
cellsize      200
nodata_value  -9999.0
[rows 0 to 32 of 323, columns 450 to 524 of 623]
-9999.0 -9999.0 -9999.0 -9999.0 -9999.0 -9999.0 -9999.0 -9999.0 -9999.0 -9999.0 -9999.0 -9999.0 -9999.0 -9999.0 -9999.0 -9999.0 -9999.0 -9999.0 -9999.0 -9999.0 -9999.0 -9999.0 -9999.0 -9999.0 -9999.0 -9999.0 -9999.0 -9999.0 -9999.0 -9999.0 -9999.0 -9999.0 -9999.0 -9999.0 -9999.0 -9999.0 -9999.0 -9999.0 -9999.0 -9999.0 -9999.0 -9999.0 -9999.0 -9999.0 -9999.0 -9999.0 -9999.0 -9999.0 -9999.0 -9999.0 -9999.0 -9999.0 -9999.0 -9999.0 -9999.0 -9999.0 -9999.0 -9999.0 -9999.0 -9999.0 -9999.0 -9999.0 -9999.0 -9999.0 -9999.0 -9999.0 -9999.0 -9999.0 -9999.0 -9999.0 -9999.0 -9999.0 -9999.0 -9999.0 -9999.0
-9999.0 -9999.0 -9999.0 -9999.0 -9999.0 -9999.0 -9999.0 -9999.0 -9999.0 -9999.0 -9999.0 -9999.0 -9999.0 -9999.0 -9999.0 -9999.0 -9999.0 -9999.0 -9999.0 -9999.0 -9999.0 -9999.0 -9999.0 -9999.0 -9999.0 -9999.0 -9999.0 -9999.0 -9999.0 -9999.0 -9999.0 -9999.0 -9999.0 -9999.0 -9999.0 -9999.0 -9999.0 -9999.0 -9999.0 -9999.0 -9999.0 -9999.0 -9999.0 -9999.0 -9999.0 -9999.0 -9999.0 -9999.0 -9999.0 -9999.0 -9999.0 -9999.0 -9999.0 -9999.0 -9999.0 -9999.0 -9999.0 -9999.0 -9999.0 -9999.0 -9999.0 -9999.0 -9999.0 -9999.0 -9999.0 -9999.0 -9999.0 -9999.0 -9999.0 -9999.0 -9999.0 -9999.0 -9999.0 -9999.0 -9999.0
-9999.0 -9999.0 -9999.0 -9999.0 -9999.0 -9999.0 -9999.0 -9999.0 -9999.0 -9999.0 -9999.0 -9999.0 -9999.0 -9999.0 -9999.0 -9999.0 -9999.0 -9999.0 -9999.0 -9999.0 -9999.0 -9999.0 -9999.0 -9999.0 -9999.0 -9999.0 -9999.0 -9999.0 -9999.0 -9999.0 -9999.0 -9999.0 -9999.0 -9999.0 -9999.0 -9999.0 -9999.0 -9999.0 -9999.0 -9999.0 -9999.0 -9999.0 -9999.0 -9999.0 -9999.0 -9999.0 -9999.0 -9999.0 -9999.0 -9999.0 -9999.0 -9999.0 -9999.0 -9999.0 -9999.0 -9999.0 -9999.0 -9999.0 -9999.0 -9999.0 -9999.0 -9999.0 -9999.0 -9999.0 -9999.0 -9999.0 -9999.0 -9999.0 -9999.0 -9999.0 -9999.0 -9999.0 -9999.0 -9999.0 -9999.0
-9999.0 -9999.0 -9999.0 -9999.0 -9999.0 -9999.0 -9999.0 -9999.0 -9999.0 -9999.0 -9999.0 -9999.0 -9999.0 -9999.0 -9999.0 -9999.0 -9999.0 -9999.0 -9999.0 -9999.0 -9999.0 -9999.0 -9999.0 -9999.0 -9999.0 -9999.0 -9999.0 -9999.0 -9999.0 -9999.0 -9999.0 -9999.0 -9999.0 -9999.0 -9999.0 -9999.0 -9999.0 -9999.0 -9999.0 -9999.0 -9999.0 -9999.0 -9999.0 -9999.0 -9999.0 -9999.0 -9999.0 -9999.0 -9999.0 -9999.0 -9999.0 -9999.0 -9999.0 -9999.0 -9999.0 -9999.0 -9999.0 -9999.0 -9999.0 -9999.0 -9999.0 -9999.0 -9999.0 -9999.0 -9999.0 -9999.0 -9999.0 -9999.0 -9999.0 -9999.0 -9999.0 -9999.0 -9999.0 -9999.0 -9999.0
-9999.0 -9999.0 -9999.0 -9999.0 -9999.0 -9999.0 -9999.0 -9999.0 -9999.0 -9999.0 -9999.0 -9999.0 -9999.0 -9999.0 -9999.0 -9999.0 -9999.0 -9999.0 -9999.0 -9999.0 -9999.0 -9999.0 -9999.0 -9999.0 -9999.0 -9999.0 -9999.0 -9999.0 -9999.0 -9999.0 -9999.0 -9999.0 -9999.0 -9999.0 -9999.0 -9999.0 -9999.0 -9999.0 -9999.0 -9999.0 -9999.0 -9999.0 -9999.0 -9999.0 -9999.0 -9999.0 -9999.0 -9999.0 -9999.0 -9999.0 -9999.0 -9999.0 -9999.0 -9999.0 -9999.0 -9999.0 -9999.0 -9999.0 -9999.0 -9999.0 -9999.0 -9999.0 -9999.0 -9999.0 -9999.0 -9999.0 -9999.0 -9999.0 -9999.0 -9999.0 -9999.0 -9999.0 -9999.0 -9999.0 -9999.0
-9999.0 -9999.0 -9999.0 -9999.0 -9999.0 -9999.0 -9999.0 -9999.0 -9999.0 -9999.0 -9999.0 -9999.0 -9999.0 -9999.0 -9999.0 -9999.0 -9999.0 -9999.0 -9999.0 -9999.0 -9999.0 -9999.0 -9999.0 -9999.0 -9999.0 -9999.0 -9999.0 -9999.0 -9999.0 -9999.0 -9999.0 -9999.0 -9999.0 -9999.0 -9999.0 -9999.0 -9999.0 -9999.0 -9999.0 -9999.0 -9999.0 -9999.0 -9999.0 -9999.0 -9999.0 -9999.0 -9999.0 -9999.0 -9999.0 -9999.0 -9999.0 -9999.0 -9999.0 -9999.0 -9999.0 -9999.0 -9999.0 -9999.0 -9999.0 -9999.0 -9999.0 -9999.0 -9999.0 -9999.0 -9999.0 -9999.0 -9999.0 -9999.0 -9999.0 -9999.0 -9999.0 -9999.0 -9999.0 -9999.0 -9999.0
-9999.0 -9999.0 -9999.0 -9999.0 -9999.0 -9999.0 -9999.0 -9999.0 -9999.0 -9999.0 -9999.0 -9999.0 4867 4869 4869 4869 4880 4879 -9999.0 4879 -9999.0 -9999.0 -9999.0 -9999.0 -9999.0 -9999.0 -9999.0 -9999.0 -9999.0 -9999.0 -9999.0 -9999.0 -9999.0 -9999.0 -9999.0 -9999.0 -9999.0 -9999.0 -9999.0 -9999.0 -9999.0 -9999.0 -9999.0 -9999.0 -9999.0 -9999.0 -9999.0 -9999.0 -9999.0 -9999.0 -9999.0 -9999.0 -9999.0 -9999.0 -9999.0 -9999.0 -9999.0 -9999.0 -9999.0 -9999.0 -9999.0 -9999.0 -9999.0 -9999.0 -9999.0 -9999.0 -9999.0 -9999.0 -9999.0 -9999.0 -9999.0 -9999.0 -9999.0 -9999.0 -9999.0
-9999.0 -9999.0 -9999.0 -9999.0 -9999.0 -9999.0 -9999.0 -9999.0 -9999.0 4846 4847 4851 4853 4853 4851 4850 4847 4854 4865 4861 4840 4862 4863 4843 4829 -9999.0 -9999.0 -9999.0 -9999.0 -9999.0 -9999.0 -9999.0 -9999.0 -9999.0 -9999.0 -9999.0 -9999.0 -9999.0 -9999.0 -9999.0 -9999.0 -9999.0 -9999.0 -9999.0 -9999.0 -9999.0 -9999.0 -9999.0 -9999.0 -9999.0 -9999.0 -9999.0 -9999.0 -9999.0 -9999.0 -9999.0 -9999.0 -9999.0 -9999.0 -9999.0 -9999.0 -9999.0 -9999.0 -9999.0 -9999.0 -9999.0 -9999.0 -9999.0 -9999.0 -9999.0 -9999.0 -9999.0 -9999.0 -9999.0 -9999.0
-9999.0 -9999.0 -9999.0 -9999.0 -9999.0 4879 4860 4838 4828 4829 4832 4835 4836 4839 4837 4835 4833 4826 4840 4880 4875 4844 4833 4824 4816 4818 4844 4845 4817 4831 -9999.0 -9999.0 -9999.0 -9999.0 -9999.0 -9999.0 -9999.0 -9999.0 -9999.0 -9999.0 -9999.0 -9999.0 -9999.0 -9999.0 -9999.0 -9999.0 -9999.0 -9999.0 -9999.0 -9999.0 -9999.0 -9999.0 -9999.0 -9999.0 -9999.0 -9999.0 -9999.0 -9999.0 -9999.0 -9999.0 -9999.0 -9999.0 -9999.0 -9999.0 -9999.0 -9999.0 -9999.0 -9999.0 -9999.0 -9999.0 -9999.0 -9999.0 -9999.0 -9999.0 -9999.0
-9999.0 -9999.0 -9999.0 -9999.0 -9999.0 4877 4870 4853 4843 4821 4823 4826 4828 4827 4826 4826 4823 4818 4851 4880 4879 4855 4807 4803 4803 4804 4807 4802 4791 4824 4859 4876 4870 4863 -9999.0 -9999.0 -9999.0 -9999.0 -9999.0 -9999.0 -9999.0 -9999.0 -9999.0 -9999.0 -9999.0 -9999.0 -9999.0 -9999.0 -9999.0 -9999.0 -9999.0 -9999.0 -9999.0 -9999.0 -9999.0 -9999.0 -9999.0 -9999.0 -9999.0 -9999.0 -9999.0 -9999.0 -9999.0 -9999.0 -9999.0 -9999.0 -9999.0 -9999.0 -9999.0 -9999.0 -9999.0 -9999.0 4878 4872 4848
-9999.0 -9999.0 -9999.0 -9999.0 -9999.0 4878 4868 4845 4843 4815 4811 4813 4814 4812 4810 4810 4807 4814 4850 4864 4860 4852 4803 4794 4795 4793 4790 4785 4821 4873 -9999.0 -9999.0 4866 4817 4852 4878 -9999.0 -9999.0 -9999.0 -9999.0 -9999.0 -9999.0 -9999.0 -9999.0 -9999.0 -9999.0 -9999.0 -9999.0 -9999.0 -9999.0 -9999.0 -9999.0 -9999.0 -9999.0 -9999.0 -9999.0 -9999.0 -9999.0 -9999.0 -9999.0 -9999.0 -9999.0 -9999.0 -9999.0 -9999.0 -9999.0 -9999.0 -9999.0 -9999.0 4880 4868 4866 4849 4835 4820
-9999.0 -9999.0 -9999.0 -9999.0 4880 4857 4831 4815 4817 4807 4804 4805 4803 4801 4799 4797 4796 4801 4813 4845 4848 4834 4796 4786 4787 4786 4780 4780 4825 4863 4868 4852 4813 4803 4855 4880 -9999.0 -9999.0 4880 4879 4830 4804 4830 4837 -9999.0 -9999.0 -9999.0 -9999.0 -9999.0 -9999.0 -9999.0 -9999.0 -9999.0 -9999.0 -9999.0 -9999.0 -9999.0 -9999.0 -9999.0 -9999.0 -9999.0 -9999.0 -9999.0 -9999.0 -9999.0 -9999.0 4880 -9999.0 4878 4866 4829 4825 4815 4812 4801
-9999.0 -9999.0 -9999.0 -9999.0 -9999.0 4878 4872 4834 4794 4795 4802 4816 4802 4789 4789 4787 4785 4784 4813 4846 4842 4816 4788 4776 4779 4778 4774 4783 4808 4806 4797 4782 4775 4803 4830 4850 4878 4879 4857 4859 4819 4787 4823 4832 4785 4774 4784 4818 4838 -9999.0 -9999.0 -9999.0 -9999.0 -9999.0 -9999.0 -9999.0 -9999.0 -9999.0 -9999.0 -9999.0 -9999.0 -9999.0 -9999.0 -9999.0 -9999.0 -9999.0 4880 4855 4850 4842 4811 4797 4803 4799 4788
4854 -9999.0 -9999.0 -9999.0 -9999.0 -9999.0 4873 4835 4793 4784 4797 4809 4802 4779 4779 4775 4773 4773 4795 4820 4838 4829 4795 4772 4769 4768 4767 4779 4807 4794 4762 4758 4764 4772 4780 4810 4842 4857 4859 4840 4801 4772 4776 4779 4766 4766 4775 4793 4814 4852 -9999.0 -9999.0 -9999.0 -9999.0 -9999.0 -9999.0 -9999.0 -9999.0 4877 -9999.0 -9999.0 -9999.0 -9999.0 -9999.0 -9999.0 -9999.0 -9999.0 4861 4823 4815 4797 4781 4786 4784 4778
4839 4880 -9999.0 -9999.0 -9999.0 -9999.0 4831 4795 4784 4778 4777 4778 4777 4771 4769 4766 4764 4763 4775 4806 4820 4813 4796 4775 4761 4760 4760 4762 4764 4755 4753 4767 4788 4796 4805 4826 4850 4853 4862 4856 4825 4775 4761 4759 4771 4772 4768 4775 4791 4840 4860 4874 4879 -9999.0 -9999.0 4878 4877 4833 4852 4880 4880 -9999.0 -9999.0 -9999.0 -9999.0 -9999.0 -9999.0 4877 4827 4793 4778 4769 4768 4769 4769
4819 4867 -9999.0 -9999.0 -9999.0 -9999.0 4850 4800 4775 4772 4771 4770 4766 4762 4760 4759 4759 4755 4756 4760 4764 4772 4786 4778 4754 4753 4754 4754 4755 4752 4753 4768 4779 4788 4820 4854 4877 4870 4838 4838 4824 4776 4754 4752 4773 4775 4775 4761 4768 4802 4806 4823 4847 4876 4879 4861 4827 4795 4805 4840 4849 4852 4870 4878 -9999.0 -9999.0 -9999.0 4879 4836 4785 4767 4761 4760 4761 4763
4826 4848 4858 4879 -9999.0 -9999.0 4879 4827 4772 4765 4765 4764 4763 4758 4754 4753 4750 4750 4750 4747 4748 4750 4758 4759 4749 4748 4749 4750 4752 4763 4763 4762 4772 4803 4847 4869 4871 4855 4822 4840 4802 4759 4747 4747 4755 4769 4773 4757 4749 4763 4763 4788 4814 4844 4836 4792 4755 4743 4739 4749 4767 4790 4817 4841 4855 4880 4880 4871 4831 4784 4759 4755 4755 4756 4758
4841 4826 4863 4878 -9999.0 -9999.0 -9999.0 4837 4780 4765 4760 4761 4758 4756 4752 4748 4747 4746 4744 4741 4740 4742 4742 4744 4744 4743 4745 4746 4751 4771 4797 4804 4807 4849 4858 4861 4861 4825 4813 4844 4820 4757 4743 4742 4754 4762 4758 4741 4733 4733 4740 4751 4775 4785 4753 4732 4730 4730 4730 4733 4735 4746 4764 4785 4820 4843 4840 4821 4796 4762 4754 4752 4752 4752 4752
4833 4806 4841 4869 -9999.0 -9999.0 -9999.0 4870 4817 4769 4761 4757 4753 4751 4747 4744 4742 4740 4739 4737 4735 4734 4736 4739 4739 4740 4742 4742 4743 4764 4812 4829 4844 4868 4867 4859 4847 4819 4784 4818 4811 4754 4736 4735 4743 4751 4750 4731 4729 4729 4729 4730 4737 4740 4729 4729 4729 4729 4729 4729 4729 4730 4734 4742 4751 4756 4758 4754 4751 4750 4751 4750 4750 4750 4750
4834 4794 4830 4873 -9999.0 -9999.0 4880 4877 4840 4782 4756 4750 4749 4749 4745 4741 4739 4738 4736 4734 4733 4731 4732 4735 4737 4737 4738 4738 4737 4753 4795 4824 4838 4846 4845 4848 4844 4825 4784 4790 4795 4747 4730 4733 4739 4741 4736 4729 4729 4729 4729 4729 4729 4729 4729 4729 4729 4729 4729 4729 4729 4729 4730 4731 4738 4740 4742 4743 4744 4745 4746 4749 4750 4750 4749
4789 4785 4835 4858 4851 4870 4868 4871 4866 4809 4758 4748 4746 4746 4743 4740 4738 4736 4733 4731 4732 4730 4729 4729 4731 4732 4732 4730 4731 4737 4753 4773 4787 4795 4828 4829 4828 4822 4802 4761 4753 4735 4729 4733 4738 4739 4730 4729 4729 4729 4729 4729 4729 4729 4729 4729 4729 4729 4729 4729 4729 4729 4729 4729 4729 4730 4733 4736 4738 4740 4742 4744 4749 4751 4751
4806 4785 4831 4835 4848 4863 4859 4869 4868 4824 4765 4746 4744 4741 4738 4738 4735 4734 4733 4731 4730 4729 4729 4729 4730 4730 4729 4729 4729 4730 4734 4737 4749 4776 4816 4822 4813 4810 4808 4775 4732 4729 4729 4731 4730 4729 4729 4729 4729 4729 4729 4729 4729 4729 4729 4729 4729 4729 4729 4729 4729 4729 4729 4729 4729 4729 4729 4732 4735 4737 4740 4742 4745 4749 4753
4807 4784 4797 4796 4829 4832 4813 4826 4838 4815 4775 4747 4741 4737 4735 4735 4733 4732 4730 4729 4729 4729 4729 4729 4729 4729 4729 4729 4729 4729 4730 4733 4741 4753 4784 4788 4782 4786 4784 4764 4731 4729 4729 4729 4729 4729 4729 4729 4729 4729 4729 4729 4729 4729 4729 4729 4729 4729 4729 4729 4729 4729 4729 4729 4729 4729 4729 4730 4731 4734 4736 4739 4743 4746 4750
4795 4779 4784 4786 4806 4804 4790 4820 4841 4838 4804 4751 4739 4735 4732 4731 4730 4729 4729 4729 4729 4729 4729 4729 4729 4729 4729 4729 4729 4731 4737 4740 4740 4742 4742 4739 4736 4740 4745 4740 4729 4729 4729 4729 4729 4729 4729 4729 4729 4729 4729 4729 4729 4729 4729 4729 4729 4729 4729 4729 4729 4729 4729 4729 4729 4729 4729 4729 4729 4731 4734 4736 4740 4742 4746
4775 4759 4756 4774 4775 4797 4829 4835 4843 4841 4808 4748 4737 4734 4730 4729 4729 4729 4729 4729 4729 4729 4729 4729 4729 4729 4729 4729 4729 4730 4738 4745 4755 4756 4752 4737 4729 4729 4730 4729 4729 4729 4729 4729 4729 4729 4729 4729 4729 4729 4729 4729 4729 4729 4729 4729 4729 4729 4729 4729 4729 4729 4729 4729 4729 4729 4729 4729 4729 4729 4731 4734 4738 4739 4742
4801 4774 4758 4793 4799 4823 4848 4850 4835 4813 4806 4763 4737 4732 4729 4729 4729 4729 4729 4729 4729 4729 4729 4729 4729 4729 4729 4729 4729 4733 4742 4745 4760 4772 4770 4759 4733 4729 4729 4729 4729 4729 4729 4729 4729 4729 4729 4729 4729 4729 4729 4729 4729 4729 4729 4729 4729 4729 4729 4729 4729 4729 4729 4729 4729 4729 4729 4729 4729 4729 4730 4732 4734 4737 4739
4812 4786 4753 4769 4804 4839 4846 4846 4826 4811 4818 4790 4741 4731 4729 4729 4729 4729 4729 4729 4729 4729 4729 4729 4729 4730 4746 4747 4741 4749 4771 4784 4787 4779 4765 4757 4735 4729 4729 4729 4729 4729 4729 4729 4729 4729 4729 4729 4729 4729 4729 4729 4729 4729 4729 4729 4729 4729 4729 4729 4729 4729 4729 4729 4729 4729 4729 4729 4729 4729 4729 4730 4733 4736 4738
4823 4787 4753 4786 4831 4855 4871 4865 4831 4800 4805 4798 4747 4730 4729 4729 4729 4729 4729 4729 4729 4729 4729 4729 4729 4738 4765 4768 4765 4763 4774 4790 4792 4785 4777 4771 4750 4729 4729 4729 4729 4729 4729 4729 4729 4729 4729 4729 4729 4729 4729 4729 4729 4729 4729 4729 4729 4729 4729 4729 4729 4729 4729 4729 4729 4729 4729 4729 4729 4729 4729 4729 4733 4735 4737
4824 4810 4767 4774 4822 4846 4869 4865 4832 4801 4772 4776 4763 4733 4729 4729 4729 4729 4729 4729 4729 4729 4729 4729 4729 4739 4765 4766 4766 4774 4778 4782 4776 4777 4777 4774 4752 4731 4729 4729 4729 4729 4729 4729 4729 4729 4729 4729 4729 4729 4729 4729 4729 4729 4729 4729 4729 4729 4729 4729 4729 4729 4729 4729 4729 4729 4729 4729 4729 4729 4729 4729 4731 4734 4736
4840 4823 4767 4763 4811 4837 4854 4851 4838 4813 4775 4773 4766 4735 4729 4729 4729 4729 4729 4729 4729 4729 4729 4729 4729 4739 4751 4754 4767 4775 4774 4779 4795 4791 4775 4768 4764 4745 4729 4729 4729 4729 4729 4729 4729 4729 4729 4729 4729 4729 4729 4729 4729 4729 4729 4729 4729 4729 4729 4729 4729 4729 4729 4729 4729 4729 4729 4729 4729 4729 4729 4729 4730 4733 4736
4837 4809 4760 4757 4797 4820 4841 4846 4837 4811 4778 4753 4745 4731 4729 4729 4729 4729 4729 4729 4729 4729 4729 4729 4729 4730 4732 4748 4765 4766 4757 4779 4805 4806 4798 4784 4770 4742 4729 4729 4729 4729 4729 4729 4729 4729 4729 4729 4729 4729 4729 4729 4729 4729 4729 4729 4729 4729 4729 4729 4729 4729 4729 4729 4729 4729 4729 4729 4729 4729 4729 4729 4729 4731 4735
4818 4781 4742 4740 4772 4805 4823 4824 4812 4799 4773 4743 4732 4729 4729 4729 4729 4729 4729 4729 4729 4729 4729 4729 4729 4729 4730 4743 4749 4740 4741 4758 4781 4802 4797 4786 4781 4744 4729 4729 4729 4729 4729 4729 4729 4729 4729 4729 4729 4729 4729 4729 4729 4729 4729 4729 4729 4729 4729 4729 4729 4729 4729 4729 4729 4729 4729 4729 4729 4729 4729 4729 4729 4731 4733
4787 4780 4743 4737 4753 4778 4785 4781 4793 4796 4787 4739 4729 4729 4729 4729 4729 4729 4729 4729 4729 4729 4729 4729 4729 4729 4729 4731 4731 4731 4733 4746 4771 4781 4773 4768 4767 4744 4729 4729 4729 4729 4729 4729 4729 4729 4729 4729 4729 4729 4729 4729 4729 4729 4729 4729 4729 4729 4729 4729 4729 4729 4729 4729 4729 4729 4729 4729 4729 4729 4729 4729 4729 4729 4732
