notebooks/tutorials/flexure/dem2.asc
ncols         623
nrows         323
xllcorner     492308.709
yllcorner     3362315.04
cellsize      200
nodata_value  -9999.0
[rows 99 to 131 of 323, columns 525 to 599 of 623]
4729 4730 4730 4731 4732 4734 4735 4736 4738 4739 4740 4741 4741 4742 4743 4745 4746 4748 4747 4750 4750 4752 4754 4754 4756 4757 4760 4760 4761 4764 4765 4764 4765 4765 4764 4764 4765 4767 4769 4771 4774 4775 4778 4781 4783 4787 4788 4789 4791 4791 4794 4794 4793 4792 4791 4792 4793 4802 4822 4827 4826 4820 4825 4829 4832 4834 4837 4844 4849 4851 4852 4856 4859 4864 -9999.0
4730 4730 4731 4732 4734 4735 4736 4738 4740 4741 4742 4742 4743 4744 4746 4748 4748 4749 4751 4754 4756 4756 4756 4757 4758 4760 4762 4762 4764 4766 4766 4767 4767 4767 4767 4767 4767 4768 4769 4771 4774 4776 4779 4783 4786 4788 4791 4792 4793 4795 4796 4796 4796 4796 4796 4795 4794 4795 4802 4817 4817 4810 4815 4820 4822 4823 4830 4838 4844 4844 4846 4849 4853 4858 4867
4732 4732 4732 4734 4735 4737 4739 4740 4742 4743 4743 4745 4747 4747 4747 4749 4750 4751 4754 4757 4758 4759 4760 4760 4761 4762 4764 4766 4767 4768 4769 4770 4770 4770 4770 4769 4769 4769 4770 4771 4774 4777 4781 4784 4786 4789 4794 4796 4797 4798 4799 4800 4800 4799 4799 4798 4797 4795 4797 4798 4800 4803 4808 4813 4816 4818 4825 4834 4840 4843 4840 4843 4850 4858 4866
4733 4734 4736 4736 4739 4740 4741 4742 4743 4745 4746 4747 4749 4748 4748 4749 4751 4757 4758 4760 4762 4764 4764 4764 4765 4766 4767 4767 4768 4770 4771 4772 4772 4773 4773 4771 4771 4771 4771 4772 4775 4779 4782 4786 4789 4792 4796 4799 4801 4801 4802 4803 4804 4803 4802 4801 4801 4799 4799 4800 4801 4802 4804 4810 4818 4820 4823 4829 4837 4843 4835 4841 4848 4854 4860
4735 4736 4738 4739 4742 4743 4744 4744 4746 4747 4747 4748 4749 4750 4751 4755 4756 4759 4761 4762 4764 4766 4767 4768 4768 4769 4770 4771 4772 4772 4773 4774 4774 4775 4775 4775 4775 4773 4773 4774 4776 4779 4783 4788 4791 4794 4797 4801 4803 4805 4806 4806 4807 4807 4807 4805 4804 4803 4801 4801 4802 4804 4804 4812 4828 4828 4823 4825 4826 4830 4832 4839 4844 4849 4853
4737 4739 4742 4743 4744 4745 4745 4747 4748 4749 4750 4750 4752 4753 4755 4758 4759 4761 4763 4764 4767 4769 4770 4771 4771 4772 4773 4774 4774 4775 4776 4777 4777 4777 4778 4779 4777 4775 4774 4775 4777 4781 4785 4790 4794 4798 4801 4804 4807 4809 4810 4811 4811 4811 4811 4810 4808 4807 4806 4804 4804 4806 4806 4810 4830 4828 4823 4820 4819 4822 4827 4832 4838 4843 4846
4742 4743 4744 4746 4747 4748 4748 4747 4749 4750 4751 4753 4755 4756 4756 4759 4762 4763 4766 4769 4770 4772 4773 4775 4775 4776 4776 4777 4777 4778 4779 4780 4780 4781 4781 4781 4779 4778 4776 4777 4779 4784 4789 4794 4799 4803 4806 4809 4811 4812 4813 4814 4814 4814 4814 4812 4812 4811 4809 4808 4808 4808 4808 4807 4812 4814 4815 4816 4817 4818 4821 4825 4831 4837 4839
4744 4745 4746 4747 4749 4749 4749 4750 4752 4754 4756 4756 4758 4759 4759 4762 4765 4766 4769 4772 4773 4774 4776 4777 4778 4779 4780 4779 4780 4781 4782 4782 4783 4784 4784 4784 4783 4781 4779 4779 4780 4785 4792 4798 4804 4809 4811 4814 4816 4816 4816 4817 4817 4818 4818 4816 4814 4813 4812 4811 4811 4810 4809 4810 4810 4810 4812 4814 4816 4818 4819 4822 4827 4830 4833
4746 4747 4748 4749 4750 4753 4756 4759 4759 4760 4761 4760 4762 4762 4762 4763 4766 4769 4772 4774 4776 4777 4779 4779 4781 4782 4782 4784 4785 4785 4785 4785 4786 4787 4787 4787 4785 4783 4782 4781 4782 4787 4794 4802 4809 4820 4823 4826 4827 4828 4825 4823 4821 4822 4822 4818 4817 4816 4814 4812 4813 4812 4812 4812 4813 4813 4813 4814 4816 4818 4820 4822 4824 4826 4829
4748 4750 4753 4756 4758 4759 4761 4762 4763 4763 4763 4764 4765 4764 4765 4766 4770 4772 4775 4777 4778 4781 4783 4783 4785 4785 4786 4787 4788 4788 4788 4789 4788 4790 4790 4788 4788 4784 4783 4783 4785 4790 4799 4809 4824 4834 4838 4840 4840 4840 4835 4828 4826 4826 4825 4824 4821 4817 4816 4817 4818 4815 4815 4815 4816 4817 4815 4815 4816 4817 4819 4821 4823 4825 4826
4751 4753 4757 4760 4761 4763 4764 4765 4766 4766 4767 4767 4768 4767 4768 4768 4772 4775 4777 4779 4780 4782 4784 4785 4787 4788 4790 4790 4790 4791 4792 4792 4791 4791 4792 4792 4790 4788 4786 4785 4786 4792 4803 4823 4840 4856 4861 4861 4861 4861 4849 4836 4830 4830 4829 4827 4823 4820 4821 4824 4824 4818 4817 4818 4818 4818 4818 4818 4818 4819 4820 4821 4823 4825 4826
4756 4759 4761 4763 4766 4768 4768 4770 4770 4771 4772 4771 4771 4771 4772 4770 4773 4776 4779 4781 4783 4785 4787 4789 4791 4792 4793 4794 4795 4795 4795 4795 4794 4793 4794 4795 4793 4792 4789 4788 4789 4795 4818 4845 4876 4880 -9999.0 -9999.0 -9999.0 4880 4878 4849 4834 4834 4833 4830 4826 4823 4831 4833 4830 4824 4820 4821 4822 4822 4822 4822 4825 4825 4821 4823 4824 4825 4829
4761 4764 4765 4767 4769 4770 4771 4772 4774 4774 4775 4775 4775 4775 4775 4774 4775 4777 4781 4784 4785 4788 4791 4793 4794 4795 4796 4797 4797 4798 4798 4799 4798 4797 4798 4797 4797 4795 4792 4791 4792 4800 4824 4851 4880 -9999.0 -9999.0 -9999.0 -9999.0 -9999.0 4879 4862 4838 4838 4835 4836 4830 4834 4845 4846 4843 4829 4823 4823 4824 4825 4827 4828 4832 4831 4824 4827 4830 4830 4833
4765 4767 4770 4770 4772 4774 4775 4776 4778 4779 4779 4779 4779 4779 4779 4778 4776 4780 4784 4786 4788 4791 4793 4795 4798 4798 4799 4800 4800 4802 4802 4803 4803 4802 4801 4802 4801 4813 4816 4802 4795 4801 4825 4852 4880 -9999.0 -9999.0 -9999.0 -9999.0 -9999.0 -9999.0 4874 4844 4843 4843 4843 4833 4841 4853 4859 4859 4845 4826 4827 4828 4828 4831 4834 4834 4831 4827 4830 4832 4835 4838
4767 4771 4773 4775 4777 4779 4780 4781 4782 4783 4783 4783 4783 4782 4782 4781 4779 4782 4786 4788 4791 4793 4795 4798 4801 4801 4803 4804 4806 4806 4806 4805 4806 4805 4805 4809 4808 4820 4823 4808 4798 4802 4818 4839 4870 -9999.0 -9999.0 -9999.0 -9999.0 -9999.0 -9999.0 4880 4848 4848 4847 4844 4834 4844 4859 4866 4869 4852 4830 4831 4832 4831 4836 4837 4837 4834 4830 4833 4839 4840 4844
4772 4774 4777 4779 4780 4782 4784 4785 4786 4786 4786 4787 4787 4786 4785 4783 4783 4783 4787 4790 4793 4796 4799 4801 4803 4803 4806 4807 4809 4809 4810 4810 4809 4808 4811 4821 4821 4814 4806 4803 4802 4802 4809 4820 4844 4864 4872 4879 -9999.0 -9999.0 4876 4857 4854 4854 4849 4842 4836 4849 4865 4869 4869 4854 4832 4834 4834 4835 4842 4842 4838 4834 4833 4842 4847 4850 4851
4775 4777 4779 4783 4784 4786 4787 4788 4790 4791 4791 4791 4791 4790 4789 4788 4786 4786 4789 4793 4796 4798 4801 4804 4806 4807 4809 4811 4812 4812 4813 4813 4813 4812 4812 4822 4824 4823 4816 4811 4806 4806 4810 4817 4819 4833 4848 4864 4875 4874 4864 4859 4860 4857 4851 4845 4841 4850 4864 4865 4859 4846 4834 4836 4837 4838 4843 4845 4842 4838 4842 4857 4866 4863 4859
4779 4783 4785 4787 4789 4791 4792 4793 4795 4795 4795 4795 4795 4794 4792 4791 4789 4789 4791 4795 4798 4800 4803 4805 4809 4811 4813 4815 4815 4815 4816 4816 4816 4814 4813 4817 4824 4824 4823 4819 4813 4814 4822 4827 4828 4837 4849 4863 4872 4871 4862 4867 4869 4864 4858 4855 4848 4849 4860 4860 4851 4842 4836 4838 4840 4842 4847 4851 4849 4848 4844 4860 4878 4880 4874
4783 4786 4789 4791 4793 4794 4796 4797 4798 4798 4798 4799 4798 4797 4796 4795 4795 4792 4794 4798 4800 4803 4806 4810 4812 4815 4817 4818 4819 4819 4819 4819 4819 4817 4817 4817 4816 4820 4822 4821 4815 4816 4824 4831 4839 4850 4864 4878 4880 4876 4868 4878 4879 4873 4872 4865 4855 4847 4855 4856 4854 4848 4842 4841 4843 4846 4853 4869 4871 4865 4848 4859 4880 -9999.0 4880
4786 4789 4791 4793 4796 4799 4800 4801 4802 4802 4802 4802 4802 4802 4800 4799 4797 4795 4797 4801 4803 4806 4809 4811 4814 4817 4819 4821 4822 4822 4822 4822 4821 4820 4821 4819 4819 4818 4820 4820 4818 4821 4826 4834 4845 4862 4880 -9999.0 -9999.0 4879 4876 -9999.0 -9999.0 4880 4879 4873 4859 4851 4857 4860 4859 4856 4850 4843 4845 4847 4853 4880 -9999.0 4872 4852 4853 4878 -9999.0 -9999.0
4790 4792 4796 4798 4802 4804 4804 4805 4806 4806 4806 4806 4806 4805 4805 4803 4802 4798 4798 4805 4808 4810 4812 4814 4817 4819 4821 4823 4824 4825 4825 4826 4825 4824 4824 4823 4821 4820 4823 4824 4826 4826 4832 4840 4849 4869 4880 -9999.0 -9999.0 4880 4880 -9999.0 -9999.0 -9999.0 -9999.0 4876 4864 4855 4866 4869 4870 4864 4852 4848 4848 4851 4853 4873 4877 4868 4857 4867 4879 -9999.0 -9999.0
4793 4795 4800 4802 4804 4806 4808 4809 4810 4811 4811 4810 4811 4809 4809 4809 4806 4803 4802 4807 4810 4814 4816 4817 4821 4822 4825 4826 4827 4828 4829 4829 4828 4830 4829 4826 4824 4824 4827 4830 4832 4832 4841 4851 4858 4869 4880 -9999.0 -9999.0 4880 -9999.0 -9999.0 -9999.0 -9999.0 -9999.0 4874 4863 4864 4871 4871 4871 4864 4853 4856 4855 4854 4856 4857 4867 4879 4878 -9999.0 -9999.0 -9999.0 -9999.0
4797 4798 4803 4806 4808 4810 4812 4814 4815 4815 4816 4815 4814 4813 4813 4813 4810 4808 4809 4811 4815 4821 4823 4823 4825 4828 4828 4830 4831 4832 4833 4833 4832 4833 4833 4829 4827 4827 4831 4835 4838 4839 4850 4865 4878 4880 -9999.0 -9999.0 -9999.0 -9999.0 -9999.0 -9999.0 -9999.0 -9999.0 -9999.0 4874 4868 4870 4872 4871 4868 4861 4857 4857 4856 -9999.0 -9999.0 -9999.0 -9999.0 -9999.0 -9999.0 -9999.0 -9999.0 -9999.0 -9999.0
4802 4804 4804 4808 4811 4814 4816 4817 4817 4818 4819 4818 4817 4817 4818 4817 4815 4816 4820 4820 4824 4833 4834 4833 4834 4834 4834 4833 4835 4836 4837 4836 4836 4835 4833 4832 4830 4831 4838 4842 4846 4851 4862 4879 -9999.0 -9999.0 -9999.0 -9999.0 -9999.0 -9999.0 -9999.0 -9999.0 -9999.0 -9999.0 -9999.0 -9999.0 -9999.0 -9999.0 -9999.0 -9999.0 -9999.0 -9999.0 -9999.0 -9999.0 -9999.0 -9999.0 -9999.0 -9999.0 -9999.0 -9999.0 -9999.0 -9999.0 -9999.0 -9999.0 -9999.0
4807 4809 4810 4812 4815 4818 4820 4821 4821 4822 4822 4822 4822 4825 4827 4826 4826 4828 4830 4833 4836 4842 4847 4847 4844 4848 4847 4843 4839 4839 4841 4842 4841 4839 4837 4836 4835 4839 4845 4849 4854 4858 4868 4880 -9999.0 -9999.0 -9999.0 -9999.0 -9999.0 -9999.0 -9999.0 -9999.0 -9999.0 -9999.0 -9999.0 -9999.0 -9999.0 -9999.0 -9999.0 -9999.0 -9999.0 -9999.0 -9999.0 -9999.0 -9999.0 -9999.0 -9999.0 -9999.0 -9999.0 -9999.0 -9999.0 -9999.0 -9999.0 -9999.0 -9999.0
4811 4813 4815 4816 4817 4823 4825 4826 4827 4827 4828 4828 4826 4832 4841 4842 4837 4841 4843 4850 4856 4863 4863 4868 4871 4868 4863 4857 4850 4844 4845 4844 4844 4842 4841 4843 4846 4850 4856 4860 -9999.0 -9999.0 -9999.0 -9999.0 -9999.0 -9999.0 -9999.0 -9999.0 -9999.0 -9999.0 -9999.0 -9999.0 -9999.0 -9999.0 -9999.0 -9999.0 -9999.0 -9999.0 -9999.0 -9999.0 -9999.0 -9999.0 -9999.0 -9999.0 -9999.0 -9999.0 -9999.0 -9999.0 -9999.0 -9999.0 -9999.0 -9999.0 -9999.0 -9999.0 -9999.0
4815 4819 4822 4823 4823 4824 4828 4830 4831 4831 4831 4831 4831 4840 4854 4860 4856 4866 4869 4872 4880 -9999.0 4880 -9999.0 -9999.0 4880 4880 4879 4864 4851 4848 4847 4846 4846 4848 4852 4859 -9999.0 -9999.0 -9999.0 -9999.0 -9999.0 -9999.0 -9999.0 -9999.0 -9999.0 -9999.0 -9999.0 -9999.0 -9999.0 -9999.0 -9999.0 -9999.0 -9999.0 -9999.0 -9999.0 -9999.0 -9999.0 -9999.0 -9999.0 -9999.0 -9999.0 -9999.0 -9999.0 -9999.0 -9999.0 -9999.0 -9999.0 -9999.0 -9999.0 -9999.0 -9999.0 -9999.0 -9999.0 -9999.0
4817 4822 4826 4827 4829 4829 4831 4833 4834 4836 4836 4836 4835 4843 4857 4867 4880 -9999.0 4879 4880 -9999.0 -9999.0 -9999.0 -9999.0 -9999.0 -9999.0 -9999.0 -9999.0 4880 4869 4858 4852 4850 -9999.0 -9999.0 -9999.0 -9999.0 -9999.0 -9999.0 -9999.0 -9999.0 -9999.0 -9999.0 -9999.0 -9999.0 -9999.0 -9999.0 -9999.0 -9999.0 -9999.0 -9999.0 -9999.0 -9999.0 -9999.0 -9999.0 -9999.0 -9999.0 -9999.0 -9999.0 -9999.0 -9999.0 -9999.0 -9999.0 -9999.0 -9999.0 -9999.0 -9999.0 -9999.0 -9999.0 -9999.0 -9999.0 -9999.0 -9999.0 -9999.0 -9999.0
4817 4824 4829 4833 4836 4837 4836 4837 4837 4840 4840 4840 4842 4848 4860 4872 -9999.0 -9999.0 -9999.0 -9999.0 -9999.0 -9999.0 -9999.0 -9999.0 -9999.0 -9999.0 -9999.0 -9999.0 -9999.0 -9999.0 -9999.0 -9999.0 -9999.0 -9999.0 -9999.0 -9999.0 -9999.0 -9999.0 -9999.0 -9999.0 -9999.0 -9999.0 -9999.0 -9999.0 -9999.0 -9999.0 -9999.0 -9999.0 -9999.0 -9999.0 -9999.0 -9999.0 -9999.0 -9999.0 -9999.0 -9999.0 -9999.0 -9999.0 -9999.0 -9999.0 -9999.0 -9999.0 -9999.0 -9999.0 -9999.0 -9999.0 -9999.0 -9999.0 -9999.0 -9999.0 -9999.0 -9999.0 -9999.0 -9999.0 -9999.0
4822 4828 4831 4836 4839 4841 4841 4840 4841 4843 4843 4843 4847 4856 4871 4880 -9999.0 -9999.0 -9999.0 -9999.0 -9999.0 -9999.0 -9999.0 -9999.0 -9999.0 -9999.0 -9999.0 -9999.0 -9999.0 -9999.0 -9999.0 -9999.0 -9999.0 -9999.0 -9999.0 -9999.0 -9999.0 -9999.0 -9999.0 -9999.0 -9999.0 -9999.0 -9999.0 -9999.0 -9999.0 -9999.0 -9999.0 -9999.0 -9999.0 -9999.0 -9999.0 -9999.0 -9999.0 -9999.0 -9999.0 -9999.0 -9999.0 -9999.0 -9999.0 -9999.0 -9999.0 -9999.0 -9999.0 -9999.0 -9999.0 -9999.0 -9999.0 -9999.0 -9999.0 -9999.0 -9999.0 -9999.0 -9999.0 -9999.0 -9999.0
4822 4829 4834 4838 4844 4846 4847 4846 4846 4848 4849 4850 4851 4863 4877 -9999.0 -9999.0 -9999.0 -9999.0 -9999.0 -9999.0 -9999.0 -9999.0 -9999.0 -9999.0 -9999.0 -9999.0 -9999.0 -9999.0 -9999.0 -9999.0 -9999.0 -9999.0 -9999.0 -9999.0 -9999.0 -9999.0 -9999.0 -9999.0 -9999.0 -9999.0 -9999.0 -9999.0 -9999.0 -9999.0 -9999.0 -9999.0 -9999.0 -9999.0 -9999.0 -9999.0 -9999.0 -9999.0 -9999.0 -9999.0 -9999.0 -9999.0 -9999.0 -9999.0 -9999.0 -9999.0 -9999.0 -9999.0 -9999.0 -9999.0 -9999.0 -9999.0 -9999.0 -9999.0 -9999.0 -9999.0 -9999.0 -9999.0 -9999.0 -9999.0
4823 4827 4834 4841 4847 4852 4854 4855 4850 4851 4852 4854 4853 4862 4872 4880 -9999.0 -9999.0 -9999.0 -9999.0 -9999.0 -9999.0 -9999.0 -9999.0 -9999.0 -9999.0 -9999.0 -9999.0 -9999.0 -9999.0 -9999.0 -9999.0 -9999.0 -9999.0 -9999.0 -9999.0 -9999.0 -9999.0 -9999.0 -9999.0 -9999.0 -9999.0 -9999.0 -9999.0 -9999.0 -9999.0 -9999.0 -9999.0 -9999.0 -9999.0 -9999.0 -9999.0 -9999.0 -9999.0 -9999.0 -9999.0 -9999.0 -9999.0 -9999.0 -9999.0 -9999.0 -9999.0 -9999.0 -9999.0 -9999.0 -9999.0 -9999.0 -9999.0 -9999.0 -9999.0 -9999.0 -9999.0 -9999.0 -9999.0 -9999.0
4827 4834 4837 4844 4851 4856 4859 4858 4856 4855 4858 4859 4860 4865 4876 -9999.0 -9999.0 -9999.0 -9999.0 -9999.0 -9999.0 -9999.0 -9999.0 -9999.0 -9999.0 -9999.0 -9999.0 -9999.0 -9999.0 -9999.0 -9999.0 -9999.0 -9999.0 -9999.0 -9999.0 -9999.0 -9999.0 -9999.0 -9999.0 -9999.0 -9999.0 -9999.0 -9999.0 -9999.0 -9999.0 -9999.0 -9999.0 -9999.0 -9999.0 -9999.0 -9999.0 -9999.0 -9999.0 -9999.0 -9999.0 -9999.0 -9999.0 -9999.0 -9999.0 -9999.0 -9999.0 -9999.0 -9999.0 -9999.0 -9999.0 -9999.0 -9999.0 -9999.0 -9999.0 -9999.0 -9999.0 -9999.0 -9999.0 -9999.0 -9999.0
